json/wind.json
{"header": {"discipline":0,"disciplineName":"Meteorological products","gribEdition":2,"gribLength":78834,"center":7,"centerName":"US National Weather Service - NCEP(WMC)","subcenter":0,"refTime":"2021-12-17T06:00:00.000Z","significanceOfRT":1,"significanceOfRTName":"Start of forecast","productStatus":0,"productStatusName":"Operational products","productType":1,"productTypeName":"Forecast products","productDefinitionTemplate":0,"productDefinitionTemplateName":"Analysis/forecast at horizontal level/layer at a point in time","parameterCategory":2,"parameterCategoryName":"Momentum","parameterNumber":3,"parameterNumberName":"V-component_of_wind","parameterUnit":"m.s-1","genProcessType":2,"genProcessTypeName":"Forecast","forecastTime":0,"surface1Type":103,"surface1TypeName":"Specified height level above ground","surface1Value":10.0,"surface2Type":255,"surface2TypeName":"Missing","surface2Value":0.0,"gridDefinitionTemplate":0,"gridDefinitionTemplateName":"Latitude_Longitude","numberPoints":65160,"shape":6,"shapeName":"Earth spherical with radius of 6,371,229.0 m","gridUnits":"degrees","resolution":48,"winds":"true","scanMode":0,"nx":360,"ny":181,"basicAngle":0,"lo1":0.0,"la1":90.0,"lo2":359.0,"la2":-90.0,"dx":1.0,"dy":1.0}, "data":
[rows 150 to 174 of 181, columns 116 to 173 of 360]
1.0978515,0.6578516,0.27785155,-0.012148437,0.33785155,0.39785156,-0.32214844,-0.27214843,-0.9621484,-1.6621485,-2.1821485,-2.5921485,-2.9721484,-3.0521483,-2.7921484,-2.2021484,-1.8021485,-0.75214845,-0.29214844,0.61785156,1.0478516,1.5178516,1.4678515,1.7478516,2.0378516,2.1878517,2.4178514,1.5978515,1.4278516,1.9278516,2.4378517,2.0278516,1.2478516,0.38785157,-0.30214843,-0.55214846,-2.1221485,-1.3021485,0.46785155,2.1678514,3.6678514,5.0078516,6.0178514,7.0078516,8.247851,8.937852,8.917851,9.897852,9.897852,9.797852,10.097852,11.247851,12.747851,6.9178514,6.4578514,-3.3421485,-4.5221486,-5.4521484
1.2078515,-0.022148438,-0.13214844,-0.072148435,-0.27214843,-0.68214846,-1.0021484,-1.6121484,-2.0121484,-2.2121484,-2.5821486,-2.3321486,-2.2621484,-1.5321485,-1.4721484,-1.3821484,-1.2421484,-0.022148438,-0.46214843,0.21785156,1.2978516,1.7578516,1.8778516,1.8978516,1.4478515,1.1278516,2.1578515,2.1478515,1.7978516,1.9378515,1.5878515,0.82785153,-0.0021484375,-1.2321484,-1.5221485,-3.7921484,-2.4421484,-0.51214844,0.9078516,2.6378515,4.0278516,5.077852,6.327852,7.8478518,9.087852,8.787851,9.347852,8.917851,8.417851,9.227852,9.3778515,11.407851,13.6278515,10.097852,5.9878516,2.4178514,-0.20214844,-0.012148437
0.60785156,-0.0021484375,-0.6021484,-1.1121484,-1.3521484,-1.5521485,-1.6821485,-1.8921485,-2.1421485,-2.2621484,-2.3521485,-2.6021485,-2.7321484,-2.5221484,-2.2521484,-2.1821485,-1.5921484,-0.9121484,0.15785156,1.3378515,2.6778517,3.6578515,3.3878515,2.9278517,1.5478516,1.3278515,1.4878516,1.1078515,1.2678516,2.0578516,0.9678516,-0.76214844,-1.3921485,-4.3721485,-3.7621484,-2.5321484,-1.0021484,0.15785156,1.0678515,3.2778516,3.5778515,4.5978518,5.5878515,6.9678516,7.6178517,8.417851,9.047852,8.697851,8.717852,8.6278515,8.737851,9.357852,10.277851,10.867851,10.177852,9.327851,8.6278515,8.887852
1.0978515,0.81785154,-0.112148434,-0.112148434,-0.43214843,-1.4721484,-1.6821485,-2.0021484,-2.4621484,-1.9421484,-2.0021484,-1.9721484,-1.7621484,-1.8421484,-1.7821485,-1.5321485,-1.0021484,0.6578516,3.2378516,4.2078514,5.1578517,5.0278516,6.0178514,6.1878514,3.7178516,0.44785157,0.80785155,0.46785155,0.73785156,0.40785158,-1.7921485,-4.5521483,-3.4121485,-4.0021486,-2.3321486,-1.4821484,-1.2121484,0.49785155,0.56785154,1.8178515,2.8278515,3.9678516,4.9278517,5.827852,3.8078516,5.557852,5.6778517,6.8578515,7.1178517,7.5678515,7.7878513,8.137852,8.397852,8.327851,8.187852,8.1278515,7.7778516,7.2978516
-0.44214845,-0.45214844,-1.0021484,-1.3221484,0.12785156,-0.75214845,-1.3421484,-1.7921485,-1.6221484,-1.6721485,-2.1121485,-2.3021483,-2.5321484,-1.7621484,-1.6421485,-0.81214845,0.7678516,1.2578516,0.14785156,1.6478516,1.8878516,5.0078516,7.057852,6.9778514,5.8778515,0.32785156,-0.83214843,-0.35214844,-0.92214847,-1.8021485,-5.5721483,-4.3921485,-3.8621485,-2.4521484,-2.6221485,-1.7121484,-1.3021485,0.22785157,-0.18214844,1.2478516,1.8378515,2.9778516,2.8478515,2.7778516,3.3178515,3.8978515,4.1778517,4.7678514,5.1278515,6.3178515,6.2778516,6.9078517,7.8178515,8.077851,7.827852,7.6778517,7.3378515,6.9778514
0.7178516,0.007851562,-0.58214843,-0.93214846,-1.1821485,-1.4121485,-1.5521485,-1.6521485,-1.6421485,-1.5721484,-1.5021484,-1.5221485,-1.6521485,-1.4821484,-0.6021484,-0.042148437,1.0678515,1.2378516,0.56785154,1.2678516,0.44785157,3.9978516,8.407851,6.4678516,6.1778517,5.557852,3.2378516,-2.9521484,-2.3721485,-3.7421484,-4.942148,-5.3521485,-3.7621484,-2.5821486,-3.0421484,-1.9921484,-1.3821484,-0.5421484,-0.38214844,0.45785156,1.2078515,1.9378515,1.6578516,1.4178516,1.8878516,2.2078516,3.0278516,3.3978515,3.8978515,4.4578514,5.0978518,5.4778514,5.8678517,6.3978515,6.1878514,7.2978516,7.5378513,5.9578514
2.3578515,1.5278516,0.7178516,0.16785157,-0.21214844,-0.35214844,-0.062148437,0.09785156,-0.36214843,-1.1121484,-1.0521485,-1.0521485,-1.2121484,-0.76214844,0.91785157,0.36785156,-0.14214844,0.46785155,-0.9121484,-0.062148437,1.4178516,-0.042148437,0.38785157,4.6378517,3.7578516,4.4278517,4.7178516,3.5578516,0.63785154,-4.3921485,-5.9121485,-5.5521483,-4.5121484,-3.7321484,-2.5021484,-1.6621485,-1.7321484,-1.3621484,-0.67214847,0.14785156,0.39785156,0.63785154,1.0078516,1.0378516,0.8978516,1.1878515,1.4078516,1.7778516,2.5078516,4.3578515,5.7278514,6.7478514,7.6678514,7.9978514,7.6878514,7.2978516,7.3178515,5.2778516
2.0178516,1.6378516,1.7178515,0.92785156,-0.37214842,1.0678515,0.82785153,-0.5421484,0.33785155,5.8478518,4.5978518,3.3978515,1.0278516,0.24785157,2.0578516,1.1678516,3.2678516,5.2378516,6.5078516,7.5478516,7.9178514,7.6678514,7.6978517,5.2278514,3.8878515,8.277851,7.1578517,5.0978518,5.8178515,2.4878516,-1.7221484,-4.7421484,-5.5121484,-3.5921485,-2.2321484,-1.5721484,-1.6521485,-0.88214844,-0.9121484,-1.1221484,-0.74214846,-0.27214843,0.12785156,0.29785156,0.23785156,0.21785156,0.35785156,0.8478516,1.4778515,1.9378515,3.1778517,4.3978515,5.5078516,5.4778514,6.2778516,7.2078514,7.6778517,7.0478516
4.827852,4.5078516,3.9578516,3.7578516,3.8578515,3.1678514,2.7478516,2.1278515,2.3378515,3.3278515,3.7678516,4.4378514,5.5278516,6.2478514,5.3978515,4.9978514,5.3678517,5.9678516,6.4778514,6.5978518,6.4578514,7.7778516,11.317852,11.307852,9.567852,9.367851,9.147852,6.5278516,5.6178517,6.6178517,4.1178517,3.0778515,0.6578516,0.017851563,-0.032148436,-0.042148437,0.24785157,0.42785156,0.21785156,-0.55214846,-0.94214845,-0.7921484,-0.51214844,-0.32214844,-0.43214843,-0.56214845,-0.61214846,-0.44214845,-0.072148435,0.31785157,1.0678515,2.2478516,3.0178516,3.8978515,5.0078516,6.3178515,7.827852,8.597852
6.6778517,6.3578515,6.0078516,5.5278516,5.0978518,4.5878515,4.2178516,4.1578517,4.4078517,4.6478515,5.1178517,5.4378514,5.7278514,5.7178516,5.6678514,5.6878514,5.7378516,5.7878513,6.7678514,8.1278515,8.237851,8.817852,10.027851,11.157851,12.017852,12.147852,11.967852,11.267852,10.237851,8.397852,6.2478514,4.5178514,2.8678515,2.2178516,1.7978516,0.17785156,-0.35214844,-0.56214845,-0.47214845,-1.0321485,-0.75214845,-1.8121485,-1.2421484,-1.6821485,-1.1721485,0.19785157,-0.22214843,-1.9521484,-2.2121484,-1.5221485,-1.0621485,-0.41214845,-0.032148436,0.7078516,2.0578516,4.0478516,7.4578514,9.827851
6.7278514,6.6078515,6.5678515,6.6178517,6.4678516,6.3578515,6.1678514,5.8978515,5.7678514,5.5678515,5.5078516,5.6978517,5.7578516,5.7878513,6.2078514,6.3178515,6.5478516,6.9978514,7.4578514,7.5378513,7.7478514,8.217852,8.777851,9.857852,10.347852,10.497851,10.267852,9.707851,9.257852,8.727852,8.1278515,7.557852,6.7678514,5.7478514,4.9978514,4.577852,3.9778516,2.8778515,2.4178514,2.7578516,2.4678516,2.5278516,2.5578516,2.6678514,-1.6521485,-1.3521484,-0.20214844,-1.3421484,-2.5021484,-2.1921484,-1.3021485,-0.74214846,-0.40214843,-0.40214843,0.45785156,2.2378516,4.1378517,7.8578515
6.2778516,6.6178517,6.6378517,6.6478515,6.8378515,6.7478514,6.3878517,6.1478515,6.2178516,6.3578515,6.6378517,7.0378513,7.3878517,7.4278517,7.307852,7.3678517,7.4278517,7.5178514,7.4978514,7.5878515,7.6578517,7.4778514,7.5378513,7.8178515,7.9978514,8.037851,8.317852,8.427852,8.187852,8.117851,7.9178514,7.3978515,6.9278517,6.4778514,5.9878516,5.5978518,5.2278514,4.6678514,4.1878514,3.9778516,4.2378516,4.9578514,5.6878514,6.3578515,0.33785155,-0.43214843,-0.022148438,1.1378516,-0.18214844,0.5278516,0.97785157,-1.0521485,-0.16214843,-2.9921484,-2.6721485,-1.5921484,0.067851566,2.7578516
5.2278514,5.4178514,5.6078515,5.7178516,5.807852,6.077852,6.3378515,6.3878517,6.327852,6.5478516,6.7878513,6.9378514,7.1678514,7.4178514,7.7378516,7.9778514,8.267852,8.537851,8.387852,7.9478517,7.4578514,7.1978517,6.8478518,6.2878513,6.2378516,6.4478517,6.5478516,6.5478516,6.8578515,7.1178517,7.0378513,6.807852,6.5878515,6.2978516,6.1378517,5.7878513,5.3378515,5.0078516,4.7278514,4.5478516,4.6278515,4.8878517,5.0478516,4.8178515,4.7478514,2.9878516,5.5978518,1.1278516,0.16785157,0.8478516,-1.0021484,-0.39214844,0.49785155,2.0078516,0.75785154,-0.99214846,4.0078516,2.3078516
5.1678514,5.5378513,5.6378517,5.6278515,5.5678515,5.7278514,5.9278517,6.0278516,6.1178517,6.2078514,6.1778517,6.3778515,6.5878515,6.9578514,7.3778515,7.6378517,7.827852,7.9678516,8.237851,8.437852,8.317852,7.827852,7.1178517,6.4878516,6.2778516,5.9478517,5.5378513,5.1778517,5.0178514,5.057852,5.4778514,5.7078514,5.7378516,5.8978515,5.8878517,5.7178516,5.577852,5.5478516,5.5378513,5.4178514,5.1678514,4.9278517,4.807852,4.9578514,5.5678515,6.077852,2.5878515,-0.76214844,0.91785157,1.1978515,0.34785157,0.46785155,-0.27214843,-0.23214844,4.6178517,4.5978518,7.9078517,7.9578514
3.4978516,3.5978515,4.0478516,4.4478517,4.9278517,5.2778516,5.4078517,5.6778517,6.0178514,6.2078514,6.2678514,6.3378515,6.4978514,6.827852,7.1178517,7.2378516,7.327852,7.4978514,7.7878513,7.9778514,7.9378514,7.9978514,8.077851,7.9778514,7.7178516,6.8978515,5.8478518,5.5278516,5.3778515,4.9978514,4.9078517,4.6978517,4.4878516,4.6878514,4.8578515,5.1378517,5.3178515,5.6478515,5.807852,5.7678514,5.4778514,5.1178517,4.3778515,2.9178514,-0.16214843,-3.9521484,-3.4921484,-0.6621484,-1.3221484,0.057851564,-1.9921484,-0.57214844,0.50785154,0.23785156,0.57785153,2.1878517,5.6278515,8.257852
3.0678515,3.3378515,3.5478516,3.6378515,3.7478516,4.0878515,4.5478516,4.9378514,5.2878513,5.7378516,6.1578517,6.5178514,6.8378515,7.2278514,7.4478517,7.2378516,7.2678514,7.4378514,7.5278516,7.4178514,7.5978518,7.807852,7.5878515,7.3578515,7.4178514,7.4778514,7.4878516,7.307852,6.7878513,5.7378516,4.9078517,4.7678514,4.8678517,4.8978515,4.8478518,4.7578516,5.1778517,5.327852,5.7978516,6.1578517,6.3878517,6.6778517,6.8678517,1.9778515,0.15785156,-0.62214845,-2.7521484,-0.26214844,-2.0221484,1.1278516,2.0478516,1.9878516,1.3278515,0.13785157,0.33785155,0.91785157,3.0178516,8.307852
2.5578516,2.7978516,2.9378517,3.0678515,3.1678514,3.3278515,3.6078515,4.0378513,4.4578514,4.8878517,5.4378514,5.7978516,6.1578517,6.4078517,6.7378516,7.057852,7.2378516,7.3378515,7.3778515,7.4678516,7.3478518,7.1778517,7.2978516,7.3178515,7.2678514,7.1778517,6.9878516,6.8878517,6.8178515,6.8378515,7.0478516,6.9178514,5.8878517,5.1578517,5.2878513,5.4378514,5.6678514,5.9778514,6.5478516,7.1678514,7.5378513,8.117851,9.077851,8.907851,4.8778515,0.74785155,-0.22214843,-1.8421484,-0.64214844,0.97785157,2.3178515,3.1378515,-0.99214846,-0.89214844,3.4178514,7.2478514,8.207851,8.507852
2.4678516,2.6378515,2.8078516,2.9578516,3.2178516,3.5678515,3.9778516,4.3878517,4.7178516,5.0678515,5.3378515,5.6378517,5.807852,5.9778514,6.2378516,6.4278517,6.577852,6.6678514,6.7278514,6.8378515,6.8178515,6.7378516,6.6378517,6.5078516,6.5278516,6.6678514,6.7378516,6.6278515,6.4078517,6.057852,5.7778516,5.5278516,5.5378513,6.1378517,6.3778515,5.9278517,5.8478518,5.8978515,5.9078517,6.3778515,7.1778517,7.3378515,7.8178515,6.2678514,3.4978516,-0.39214844,-1.2721485,-0.24214844,2.1778517,3.5078516,2.2878516,-4.4821486,-3.8921485,-1.4621484,6.4578514,10.527851,9.937852,9.807852
3.6478515,3.9978516,4.2578516,4.4278517,4.5078516,4.7278514,4.9178514,5.0678515,5.1378517,5.2278514,5.4078517,5.6578517,5.9378514,6.1378517,6.2678514,6.3578515,6.3978515,6.4778514,6.4678516,6.4478517,6.3378515,6.327852,6.3478518,6.2478514,6.1778517,6.2678514,6.307852,6.3178515,6.1678514,6.0078516,5.8378515,5.6878514,5.3778515,4.8878517,4.4378514,4.4678516,4.9978514,5.3678517,4.8778515,4.0478516,3.0978515,2.4378517,2.8578515,3.4778516,0.28785157,1.3778516,1.2678516,-1.3621484,-1.0321485,-0.29214844,0.9078516,0.27785155,1.4978516,2.5678515,3.5678515,4.4878516,5.2578516,5.7078514
3.3878515,3.4278517,3.5578516,3.9178514,4.1478515,4.2178516,4.4078517,4.7378516,5.0878515,5.0478516,5.1378517,5.5178514,6.0178514,6.5178514,6.8978515,7.077852,6.9778514,6.7478514,6.6378517,6.5678515,6.4978514,6.2978516,6.1678514,6.0378513,5.9078517,5.8178515,5.8178515,5.9578514,6.0178514,5.8578515,5.6678514,5.5478516,5.6378517,5.6378517,5.4478517,5.2678514,4.9078517,4.9078517,5.557852,6.8678517,6.5478516,2.3778515,1.8278515,1.2678516,-1.8121485,-0.012148437,-1.1621485,-2.3321486,-2.9421484,-2.3221483,-1.2821485,0.48785156,1.4578515,2.6678514,3.7478516,4.2378516,4.6678514,5.2678514
4.6578517,5.0178514,5.2478514,5.4378514,5.6278515,5.7878513,5.9178514,6.0978518,6.4278517,6.7078514,6.9678516,7.0378513,7.1178517,7.2078514,7.3578515,7.5678515,7.8378515,7.8478518,7.6478515,7.3978515,7.2478514,7.1278515,7.0278516,6.9178514,6.7878513,6.4778514,6.1578517,5.7678514,5.5478516,5.3478518,5.1778517,5.0378513,5.0278516,5.0178514,4.0978518,3.1678514,2.7478516,2.7978516,1.2878516,0.8378516,1.7678516,0.49785155,-1.2321484,0.21785156,-0.68214846,-2.8021483,-3.3221483,-3.2921484,-3.1921484,-2.3121483,-1.4021485,-1.6421485,-0.77214843,0.5978516,1.8578515,2.7178516,3.3778515,3.8378515
4.7778516,5.4678516,5.9678516,6.4278517,6.8978515,7.4278517,7.7178516,7.8578515,7.7878513,7.6778517,7.6878514,7.8378515,8.097852,8.337852,8.537851,8.607852,8.647852,8.607852,8.547852,8.3778515,8.117851,7.8678517,7.577852,7.2578516,6.9878516,6.8178515,6.6278515,6.2678514,5.9478517,5.5878515,5.3878517,5.577852,5.7378516,5.9678516,6.0978518,6.1578517,6.557852,6.8478518,5.2478514,0.57785153,-1.0221485,-0.7821484,-0.102148436,0.46785155,2.0078516,0.85785156,0.107851565,-0.57214844,-1.3521484,-1.6621485,-1.8321484,-1.6321484,-0.9021484,-0.38214844,0.23785156,1.2278515,2.0878515,2.7878516
4.7178516,5.2278514,5.6478515,6.0678515,6.3878517,6.7778516,7.2578516,7.8178515,8.477852,9.167851,9.647852,10.017852,10.237851,10.287851,10.447851,10.807852,10.847852,10.147852,9.897852,9.967852,9.787851,9.657851,9.267852,8.787851,8.207851,7.6478515,7.2378516,6.8978515,6.7178516,6.7178516,6.7778516,6.9778514,7.1678514,7.3878517,7.7078514,8.077851,8.387852,8.437852,7.4578514,4.7178516,2.0378516,1.1378516,1.6878515,1.8778516,1.1178516,0.11785156,-0.022148438,0.8378516,-0.25214845,-1.4121485,-1.6421485,-1.8121485,-1.7721485,-1.4621484,-0.9621484,-0.43214843,0.067851566,0.37785158
5.1278515,5.4978514,5.9078517,6.2278514,6.5178514,6.8978515,7.3178515,7.7278514,8.137852,8.527851,8.927852,9.347852,9.827851,10.287851,10.547852,10.527851,10.3778515,10.237851,10.007852,9.687852,9.427852,9.207851,8.977852,8.677852,8.367851,8.017852,7.6078515,7.307852,7.1878514,7.1278515,7.1278515,7.2178516,7.3178515,7.4778514,7.7278514,7.9678516,8.107852,8.297852,8.867851,9.617851,9.007852,6.2378516,4.7478514,5.807852,2.6678514,-0.38214844,0.8378516,-0.7221484,-0.87214845,-0.29214844,0.41785157,1.3578515,0.82785153,-0.55214846,-1.4221485,-1.6821485,-1.7121484,-1.6221484
4.1778517,4.4278517,4.7678514,5.1078515,5.4678516,5.827852,6.2178516,6.6278515,7.0278516,7.4078517,7.7978516,8.187852,8.587852,8.967852,9.057852,8.987851,8.937852,8.937852,8.947851,8.867851,8.787851,8.727852,8.597852,8.527851,8.567852,8.637852,8.647852,8.647852,8.697851,8.697851,8.617851,8.557852,8.517852,8.487851,8.537851,8.667851,8.897852,9.107852,9.237851,9.3778515,9.427852,9.357852,9.137852,7.2378516,4.6478515,3.1778517,4.6278515,2.5678515,-0.43214843,-1.0721484,0.057851564,1.1278516,-0.81214845,-0.68214846,0.67785156,2.0678515,2.4378517,2.3178515
