json/wind.json
{"header": {"discipline":0,"disciplineName":"Meteorological products","gribEdition":2,"gribLength":78517,"center":7,"centerName":"US National Weather Service - NCEP(WMC)","subcenter":0,"refTime":"2021-12-17T06:00:00.000Z","significanceOfRT":1,"significanceOfRTName":"Start of forecast","productStatus":0,"productStatusName":"Operational products","productType":1,"productTypeName":"Forecast products","productDefinitionTemplate":0,"productDefinitionTemplateName":"Analysis/forecast at horizontal level/layer at a point in time","parameterCategory":2,"parameterCategoryName":"Momentum","parameterNumber":2,"parameterNumberName":"U-component_of_wind","parameterUnit":"m.s-1","genProcessType":2,"genProcessTypeName":"Forecast","forecastTime":0,"surface1Type":103,"surface1TypeName":"Specified height level above ground","surface1Value":10.0,"surface2Type":255,"surface2TypeName":"Missing","surface2Value":0.0,"gridDefinitionTemplate":0,"gridDefinitionTemplateName":"Latitude_Longitude","numberPoints":65160,"shape":6,"shapeName":"Earth spherical with radius of 6,371,229.0 m","gridUnits":"degrees","resolution":48,"winds":"true","scanMode":0,"nx":360,"ny":181,"basicAngle":0,"lo1":0.0,"la1":90.0,"lo2":359.0,"la2":-90.0,"dx":1.0,"dy":1.0}, "data":
[rows 75 to 99 of 181, columns 232 to 289 of 360]
-8.678572,-9.078571,-8.1285715,-8.028572,-7.7385716,-6.938572,-7.4885716,-8.038571,-7.7785716,-8.238572,-6.2985716,-6.188572,-5.518572,-5.1385717,-4.8885717,-4.3185716,-4.3885717,-3.9685717,-2.8085718,-2.2585719,-0.29857177,0.76142824,0.45142823,0.17142822,0.37142822,0.011428223,1.2014282,2.1314282,2.3114283,2.3014283,0.9914282,2.5914283,2.8314283,0.23142822,3.761428,2.0814283,-2.1685717,1.6414282,0.16142823,0.101428226,0.5514282,-0.61857176,0.041428223,0.18142822,0.40142822,-6.938572,-8.548572,-9.278572,-9.748571,-10.608572,-11.168571,-11.228572,-11.768572,-12.208571,-11.988572,-11.958571,-11.588572,-11.178572
-8.358572,-7.918572,-7.8385715,-8.108572,-7.7385716,-7.788572,-8.138572,-8.518572,-8.198572,-7.9085717,-6.958572,-6.4885716,-6.2385716,-4.8685718,-4.458572,-4.7985716,-3.7985718,-3.5485718,-3.1385717,-2.1985717,-1.5485718,-1.9985718,-2.7485719,-2.1285717,-1.9685718,-2.478572,-1.1985718,-0.49857178,0.49142823,0.071428224,-0.54857177,-3.1285717,-7.6185718,-2.1285717,1.7414283,2.0314283,2.4014282,1.3814282,-3.0585718,0.9214282,-0.5685718,-0.46857178,-0.15857178,0.50142825,0.3214282,-7.7985716,-8.598572,-9.938572,-9.728572,-10.488572,-10.948572,-11.198572,-11.718572,-11.668571,-11.748571,-11.748571,-11.3785715,-11.398572
-7.9085717,-8.118572,-6.9885716,-7.328572,-7.668572,-7.9885716,-7.1585717,-8.038571,-7.858572,-7.748572,-5.768572,-6.7985716,-5.648572,-5.0685716,-4.728572,-4.808572,-4.348572,-3.9485717,-3.9685717,-3.7885718,-3.5685718,-4.078572,-5.6785717,-4.458572,-4.168572,-4.348572,-3.7085717,-2.6285717,-2.1685717,-3.2185717,-3.7485719,-4.348572,-3.6785717,-1.1085718,0.81142825,0.39142823,0.94142824,1.8214282,2.1014283,1.0314282,-1.6285717,-2.0485718,-1.2285718,0.45142823,0.37142822,-7.228572,-9.098572,-9.3785715,-10.618572,-10.678572,-10.338572,-11.498571,-12.458571,-11.678572,-11.808572,-11.318572,-10.058572,-10.318572
-7.5085716,-6.5285716,-6.7785716,-6.728572,-7.4285717,-8.058572,-8.448572,-7.7785716,-7.808572,-6.748572,-6.4885716,-7.2185717,-5.7985716,-5.6785717,-5.5285716,-5.7785716,-4.748572,-4.788572,-4.728572,-3.9285717,-3.0185719,-5.458572,-5.3885717,-5.0485716,-5.248572,-5.208572,-4.7785716,-5.308572,-5.978572,-5.788572,-5.628572,-4.398572,-3.6285717,-2.1985717,-1.1985718,-0.048571777,-0.03857178,0.62142825,0.08142822,-1.8785717,-5.398572,-8.118572,-2.8085718,-2.7085717,0.57142824,-6.458572,-8.538571,-8.268572,-9.238572,-10.018572,-10.348572,-11.728572,-12.798572,-13.958571,-12.728572,-10.288571,-8.178572,-9.818572
-6.2185717,-4.9685717,-5.558572,-6.4285717,-6.898572,-7.268572,-7.958572,-8.228572,-8.308572,-8.008572,-7.148572,-6.1385717,-6.978572,-5.648572,-5.668572,-5.7785716,-5.878572,-5.728572,-4.418572,-3.5685718,-3.7885718,-4.9485717,-5.0885715,-6.038572,-6.038572,-6.3185716,-5.7585716,-7.598572,-7.6785717,-7.3385715,-5.6785717,-3.8385718,-2.8585718,-2.7885718,-1.7485718,-0.27857178,-0.66857177,-0.91857177,-2.1685717,-6.1185718,-9.758572,-9.758572,-9.788571,-2.0985718,-0.13857178,-5.9285717,-7.128572,-7.228572,-8.238572,-8.698572,-9.158572,-10.348572,-12.218572,-10.488572,-2.1885717,0.62142825,-2.0385718,-5.878572
-4.788572,-4.958572,-5.1985717,-5.3185716,-6.788572,-6.558572,-7.878572,-9.248571,-8.778572,-9.6285715,-7.728572,-6.168572,-6.688572,-5.098572,-5.3685718,-6.018572,-6.2185717,-5.4285717,-4.4085717,-3.2785718,-3.7985718,-4.768572,-5.0885715,-5.458572,-5.788572,-6.4485717,-7.098572,-7.348572,-7.078572,-6.5485716,-5.6185718,-4.848572,-3.1585717,-3.3385718,-2.2685719,-1.1485717,-0.55857176,-0.17857178,-1.8985717,-2.7785718,-8.298572,-7.5885715,-4.6985717,1.2014282,-2.2485719,1.8614283,-4.958572,-7.1785717,-7.4085717,-7.398572,-7.0285716,-6.1785717,-3.9485717,0.8614282,-2.3385718,-2.7085717,1.2614282,-2.3985717
-3.1385717,-3.9185717,-3.7485719,-3.4285717,-3.3785717,-5.9885716,-6.748572,-8.308572,-8.188572,-7.9285717,-5.8385715,-0.37857178,0.17142822,-1.9285718,-3.8885717,-6.248572,-7.228572,-6.148572,-3.4485717,-2.8785717,-2.0985718,-3.5185719,-5.078572,-5.358572,-6.018572,-6.0685716,-7.478572,-8.228572,-8.428572,-7.9685717,-6.648572,-5.378572,-4.558572,-4.6185718,-3.4485717,-3.3985717,-2.4285717,-1.6785718,-1.6085718,-0.23857178,0.16142823,1.3114282,3.7114282,3.0914283,0.48142824,-1.4385718,1.8114282,7.0114284,2.3214283,-1.1085718,-0.34857178,-1.0485718,1.4314282,1.0614282,0.69142824,0.57142824,0.9614282,-0.5085718
-2.9985719,-3.488572,-1.4085717,-0.68857175,0.05142822,1.3014282,0.6814282,1.4614282,2.2914283,2.1514282,2.3514283,2.4214282,0.9214282,1.2814282,-1.6485717,-3.7685719,-5.538572,-2.5985718,-3.2685719,-2.4185717,-1.2485718,-1.3085718,-2.4085717,-2.9985719,-4.168572,-4.328572,-4.328572,-2.4085717,-0.22857177,0.76142824,1.0914283,-0.13857178,-1.5385718,-3.8785717,-4.648572,-4.288572,-2.7885718,-1.0985718,0.8514282,1.9814283,2.9314282,3.8914282,5.001428,4.9914284,4.791428,3.5414283,1.5614282,0.7414282,4.901428,2.4314282,-0.048571777,0.5214282,1.2514282,0.20142822,1.3014282,-1.4685718,-0.43857178,0.76142824
-2.1385717,-1.8385718,-2.1985717,-1.8785717,-0.27857178,-0.87857175,1.0214282,1.6114283,1.9214282,1.5314282,1.0814282,2.261428,1.0314282,2.8614283,2.0814283,1.6614282,1.0914283,1.3114282,0.7414282,-0.5085718,0.6014282,1.3914282,1.1414282,1.3914282,0.64142823,0.64142823,1.8214282,2.1114283,2.0014281,1.7114282,0.94142824,1.3714283,2.2414281,2.5814283,2.5614283,1.9414282,2.011428,1.2614282,1.1914282,2.9614282,4.5914283,5.581428,5.601428,5.921428,5.831428,5.8014283,4.291428,3.5014281,3.6214283,3.5314283,0.4114282,-0.43857178,0.22142822,1.2914282,-0.08857178,-2.4085717,1.5214282,1.1014283
-2.4185717,-2.738572,-2.8585718,-2.5485718,-1.7685717,-1.1385717,-1.1585717,0.33142823,0.42142823,1.0014282,1.0714282,1.0214282,0.3214282,0.45142823,1.4114282,0.9314282,0.5914282,1.1614282,-0.35857177,0.20142822,0.95142823,2.261428,2.6914282,3.6114283,3.0314283,1.5414282,0.8014282,0.021428222,0.69142824,0.6714282,0.5514282,2.3314283,2.0414283,3.2214282,3.2914283,3.5314283,3.0414283,2.8314283,3.1914282,4.3214283,4.731428,4.731428,4.3814282,4.311428,5.1814284,5.461428,4.3414283,5.3814282,5.041428,4.331428,1.8014282,0.4114282,0.48142824,1.4314282,-1.5985718,-0.9785718,1.9614282,0.25142822
-3.8585718,-3.8385718,-3.6385717,-3.5385718,-2.6785717,-2.0185719,-1.5585718,-0.68857175,0.041428223,0.87142825,0.40142822,-0.80857176,-0.29857177,0.041428223,-0.54857177,-0.28857177,-0.5785718,-0.6485718,-0.078571774,-1.0385718,-0.21857178,1.4514282,1.4614282,1.8414283,1.1914282,0.5214282,-1.0185717,-0.91857177,0.70142823,0.18142822,0.7414282,1.9214282,2.1214283,2.6014283,2.8714283,3.2814283,3.3714283,2.0514283,1.6614282,2.2514281,3.4114282,3.8914282,4.311428,4.711428,5.3214283,5.041428,4.6614285,4.981428,4.9314284,4.501428,2.0514283,0.16142823,0.24142823,2.2514281,-1.4485718,0.69142824,-0.34857178,0.16142823
-4.728572,-4.4685717,-4.728572,-4.6785717,-3.5185719,-3.478572,-2.738572,-1.1085718,-0.60857177,0.8414282,-0.8885718,0.36142823,-1.8485718,-2.1885717,-2.0685718,-1.1885718,-1.2385718,-1.5285717,-1.5185717,-1.7685717,-1.1685718,-0.3985718,0.63142824,0.021428222,-0.60857177,0.17142822,-0.41857177,-0.98857176,-0.91857177,-0.16857177,0.021428222,0.57142824,1.2414283,1.0114282,1.6214283,2.7414281,2.3514283,-0.048571777,1.0214282,1.2614282,2.0314283,2.511428,3.6914282,4.601428,5.581428,6.6114283,4.941428,4.891428,5.2814283,4.6814284,3.4514282,-0.108571775,-1.3785717,-0.87857175,0.6814282,-0.3685718,-0.5185718,-0.55857176
-6.038572,-5.708572,-5.208572,-5.438572,-4.538572,-4.2985716,-3.478572,-2.5585718,-0.48857176,-1.1585717,-1.5085717,-1.3885717,-2.5685718,-3.1785717,-3.488572,-2.2585719,-2.1485717,-1.7085718,-2.3385718,-2.0185719,-2.5085719,-2.6385717,-1.0385718,-1.0985718,-0.7885718,-1.2285718,-1.2685717,-1.4485718,-1.1885718,-0.68857175,-0.15857178,0.34142822,0.58142823,0.12142822,0.13142823,1.4414282,1.5814282,0.30142823,1.0514282,0.7114282,1.7114282,2.1514282,3.3014283,3.761428,4.4514284,4.291428,4.811428,5.891428,5.7214284,5.811428,3.1314282,0.4414282,-0.79857177,-2.0385718,-0.67857176,-0.4285718,-1.0085717,-0.3385718
-6.0285716,-6.348572,-6.538572,-6.148572,-5.728572,-4.8385715,-3.8885717,-3.4185717,-1.7885718,-2.1885717,-2.2985718,-2.4685717,-3.238572,-3.7985718,-3.8585718,-3.2585719,-2.6585717,-2.2885718,-3.1485717,-3.3085718,-3.3285718,-3.3585718,-2.2585719,-2.1485717,-1.7985718,-1.5685718,-1.5185717,-1.8785717,-1.4785718,-0.6585718,-0.31857178,-0.29857177,0.16142823,-0.09857178,-0.25857177,0.57142824,0.6814282,-0.26857176,-0.62857175,0.17142822,0.6514282,1.4314282,2.6814282,3.3414283,2.8114283,3.4714282,4.731428,5.7614284,5.621428,6.8414283,0.76142824,-0.8385718,1.2514282,0.7214282,-0.6585718,-0.43857178,-0.49857178,0.08142822
-5.188572,-6.3185716,-6.4685717,-6.8185716,-6.4685717,-5.1785717,-4.418572,-3.238572,-2.2085717,-2.2985718,-2.5385718,-3.0085719,-3.9285717,-3.9285717,-4.078572,-3.2085717,-3.0685718,-2.978572,-3.6385717,-2.8585718,-3.3685718,-3.6285717,-3.2685719,-1.6185718,-1.9685718,-1.8185718,-1.8985717,-1.7085718,-1.7585717,-0.7885718,-1.4485718,-0.49857178,-0.32857177,-0.8485718,-0.7085718,0.15142822,0.43142822,-0.27857178,-0.99857175,-0.13857178,0.8514282,1.4314282,2.2214282,1.8714283,2.8714283,3.0714283,4.2614284,5.0114284,5.391428,1.1714282,0.101428226,1.0114282,0.6814282,-0.7885718,-0.66857177,-0.9685718,-0.16857177,-0.3685718
-5.328572,-5.6985717,-6.9085717,-6.538572,-6.2185717,-5.8385715,-5.228572,-3.9485717,-2.4285717,-1.7385718,-3.0285718,-2.9585717,-3.488572,-3.9685717,-3.6685717,-3.5185719,-3.9485717,-3.988572,-4.0685716,-3.228572,-3.5185719,-3.6785717,-2.9085717,-2.7185717,-2.6285717,-2.238572,-1.9685718,-2.8885717,-1.5285717,-1.4885718,-1.2785717,-1.7485718,-1.3785717,-1.0085717,-0.92857176,-0.73857176,1.1214283,-2.7585719,-0.5285718,-0.17857178,-0.21857178,-0.31857178,0.37142822,0.14142822,1.7414283,2.3014283,3.6414282,4.421428,2.2414281,0.94142824,-1.7385718,0.4114282,-0.98857176,-0.8985718,-0.7785718,-0.3985718,-0.05857178,0.18142822
-5.938572,-5.848572,-6.3185716,-6.188572,-6.3385715,-6.6985717,-5.6185718,-5.0085716,-4.0885715,-2.6985717,-2.8185718,-2.9285717,-3.9385717,-5.578572,-4.268572,-3.8885717,-4.1185718,-4.8185716,-4.3385715,-3.5285718,-3.4485717,-3.4185717,-3.3185718,-3.4185717,-2.9085717,-2.4285717,-2.8885717,-2.8685718,-3.1885717,-3.2985718,-2.3285718,-1.1585717,-1.3985717,-1.8585718,-1.8885717,-1.3185718,-1.7485718,1.2614282,0.31142822,-0.35857177,-1.1585717,-0.5285718,-0.4585718,0.011428223,0.09142822,1.9214282,2.8914282,3.3214283,0.9014282,-0.7785718,1.3814282,0.7414282,-0.5285718,-0.38857177,-0.5385718,-0.23857178,-0.14857177,0.36142823
-6.128572,-5.038572,-6.6985717,-4.9685717,-5.978572,-6.4085717,-6.248572,-6.108572,-5.378572,-3.8085718,-3.6285717,-4.458572,-5.768572,-4.9885716,-5.998572,-4.708572,-5.0285716,-3.8185718,-4.438572,-4.2985716,-3.9285717,-3.8285718,-2.9385717,-3.5985718,-3.3585718,-3.3385718,-3.1585717,-2.6985717,-2.8385718,-3.7985718,-2.5885718,-1.4585718,-2.1785717,-1.8185718,-1.7585717,-1.2885718,-1.5785718,-0.7585718,-1.4085717,-1.6785718,-1.2485718,-1.6685718,-0.20857178,-0.61857176,-0.3985718,1.9014282,1.9414282,2.7514281,2.9814281,0.6814282,1.0814282,0.6614282,0.28142822,0.25142822,0.2914282,0.49142823,0.76142824,0.89142823
-6.098572,-6.418572,-6.518572,-6.5885715,-7.128572,-6.348572,-6.108572,-5.6785717,-6.058572,-5.918572,-4.8885717,-5.3885717,-6.0885715,-5.9285717,-6.848572,-6.108572,-5.2185717,-3.8785717,-4.378572,-5.058572,-3.9685717,-4.0685716,-3.7985718,-3.7785718,-3.8085718,-3.5285718,-3.2185717,-3.8385718,-3.3785717,-3.7885718,-3.1785717,-1.7385718,-1.7585717,-2.3985717,-2.6985717,-2.4185717,-2.2685719,-2.1585717,-2.2185717,-1.9785718,-1.5185717,-1.7885718,-1.0285717,-1.3585718,-1.0485718,0.7414282,1.9114282,4.231428,2.6414282,-1.2785717,1.1014283,0.4114282,0.9914282,-0.15857178,0.89142823,0.9014282,0.6614282,0.45142823
-7.248572,-7.1985717,-6.6185718,-7.648572,-7.5885715,-6.058572,-6.7385716,-6.2385716,-6.938572,-6.248572,-5.6585717,-5.688572,-5.8185716,-6.3885717,-7.598572,-6.6185718,-5.5085716,-4.998572,-5.268572,-4.7785716,-5.5085716,-3.3585718,-3.9585717,-4.098572,-4.098572,-3.8685718,-4.0885715,-4.128572,-3.8585718,-3.978572,-3.3585718,-1.3985717,-2.3385718,-2.2585719,-3.3785717,-3.0185719,-2.7485719,-3.0085719,-2.1285717,-2.6585717,-1.9985718,-2.5885718,-1.3185718,-1.5385718,-1.3385718,0.48142824,-0.54857177,0.27142823,1.0214282,0.75142825,0.9014282,0.8414282,0.7214282,0.70142823,0.8414282,0.82142824,0.7214282,0.57142824
-7.418572,-7.5885715,-7.378572,-7.6185718,-7.378572,-6.248572,-6.598572,-6.708572,-6.688572,-6.1785717,-5.768572,-5.8685718,-6.878572,-7.1185718,-7.3185716,-6.328572,-5.0685716,-6.098572,-7.2585716,-6.4285717,-5.728572,-5.6385717,-5.0885715,-5.248572,-5.1385717,-4.668572,-4.8385715,-5.358572,-4.3185716,-4.018572,-3.7885718,-3.4185717,-3.0485718,-3.1085718,-2.6785717,-3.6585717,-3.9985719,-3.7485719,-4.078572,-2.5285718,-2.8285718,-2.5985718,-1.8785717,-1.3885717,-0.80857176,-0.93857175,-2.5085719,-1.4385718,0.7814282,0.0014282226,0.27142823,1.3114282,0.45142823,0.7314282,0.89142823,0.7814282,0.88142824,0.3214282
-6.5885715,-7.358572,-7.018572,-7.328572,-8.018572,-7.108572,-6.6385717,-6.538572,-6.358572,-6.9085717,-6.348572,-5.8685718,-5.4085717,-6.668572,-6.9685717,-7.0285716,-6.398572,-7.978572,-7.9685717,-7.5485716,-7.498572,-7.498572,-6.648572,-6.228572,-6.308572,-5.328572,-5.2185717,-5.3885717,-5.2785716,-4.4885716,-4.3385715,-4.0285716,-3.3985717,-3.0185719,-2.6285717,-4.108572,-3.8185718,-4.3385715,-3.4685717,-3.1085718,-3.1085718,-2.5185719,-2.3885717,-1.7185718,-1.1885718,-1.4785718,-2.6785717,-2.1785717,-0.0085717775,0.011428223,-0.74857175,-0.21857178,0.49142823,0.47142822,0.6614282,0.82142824,0.7214282,0.36142823
-7.248572,-6.3685718,-7.0885715,-7.578572,-7.828572,-6.9485717,-6.418572,-6.768572,-6.458572,-6.188572,-6.3885717,-4.6185718,-6.2385716,-6.878572,-7.8685718,-7.4285717,-6.9685717,-7.398572,-8.718572,-8.8785715,-8.988572,-8.098572,-7.498572,-7.2985716,-7.188572,-6.858572,-6.6585717,-6.1185718,-5.598572,-4.828572,-4.8385715,-4.748572,-4.108572,-3.5785718,-3.2085717,-3.5385718,-4.858572,-4.1585717,-4.5685716,-3.8385718,-3.4585717,-3.238572,-3.1285717,-2.9685717,-1.3885717,-1.7185718,-3.728572,-3.488572,-2.1485717,-0.8885718,0.94142824,0.34142822,0.40142822,-0.24857178,0.36142823,0.94142824,0.50142825,-0.078571774
-6.5885715,-6.7185717,-7.5885715,-7.6785717,-7.358572,-7.1585717,-6.858572,-6.5685716,-6.858572,-6.878572,-6.4485717,-6.708572,-7.898572,-8.778572,-7.8885717,-6.358572,-8.8785715,-7.6985717,-8.368572,-8.6285715,-8.278572,-8.118572,-8.218572,-7.9885716,-7.308572,-7.2385716,-7.438572,-6.898572,-6.208572,-5.768572,-5.4285717,-5.038572,-4.9485717,-4.328572,-3.5985718,-4.078572,-4.288572,-5.398572,-4.858572,-4.208572,-4.4885716,-3.8085718,-3.4585717,-2.6785717,-2.5185719,-2.0385718,-3.3185718,-3.4285717,-2.8985717,0.05142822,0.37142822,1.3114282,0.64142823,0.39142823,-0.15857178,0.7914282,0.101428226,-0.28857177
-6.328572,-6.858572,-7.748572,-7.8885717,-7.518572,-7.4885716,-7.708572,-7.688572,-7.188572,-7.228572,-5.348572,-7.2585716,-8.188572,-9.018572,-8.038571,-8.418571,-9.218572,-8.988572,-8.308572,-8.178572,-7.9485717,-8.508572,-7.6185718,-7.458572,-7.058572,-7.558572,-7.378572,-7.578572,-6.628572,-6.458572,-6.1185718,-6.268572,-5.688572,-4.9885716,-4.378572,-4.058572,-4.878572,-5.058572,-5.0085716,-4.728572,-4.058572,-4.4885716,-3.9685717,-3.2885718,-3.2485719,-3.3685718,-3.228572,-2.5185719,-3.3385718,-2.6985717,1.2214283,-1.1585717,-0.25857177,-0.4585718,0.5214282,0.011428223,-0.18857178,-0.37857178
