json/wind.json
{"header": {"discipline":0,"disciplineName":"Meteorological products","gribEdition":2,"gribLength":47421,"center":7,"centerName":"US National Weather Service - NCEP(WMC)","subcenter":0,"refTime":"2021-12-17T06:00:00.000Z","significanceOfRT":1,"significanceOfRTName":"Start of forecast","productStatus":0,"productStatusName":"Operational products","productType":1,"productTypeName":"Forecast products","productDefinitionTemplate":0,"productDefinitionTemplateName":"Analysis/forecast at horizontal level/layer at a point in time","parameterCategory":0,"parameterCategoryName":"Temperature","parameterNumber":0,"parameterNumberName":"Temperature","parameterUnit":"K","genProcessType":2,"genProcessTypeName":"Forecast","forecastTime":0,"surface1Type":1,"surface1TypeName":"Ground or water surface","surface1Value":0.0,"surface2Type":255,"surface2TypeName":"Missing","surface2Value":0.0,"gridDefinitionTemplate":0,"gridDefinitionTemplateName":"Latitude_Longitude","numberPoints":65160,"shape":6,"shapeName":"Earth spherical with radius of 6,371,229.0 m","gridUnits":"degrees","resolution":48,"winds":"true","scanMode":0,"nx":360,"ny":181,"basicAngle":0,"lo1":0.0,"la1":90.0,"lo2":359.0,"la2":-90.0,"dx":1.0,"dy":1.0}, "data":
[rows 0 to 25 of 181, columns 120 to 179 of 360]
242.75803,242.75803,242.75803,242.75803,242.75803,242.75803,242.75803,242.75803,242.75803,242.75803,242.75803,242.75803,242.75803,242.75803,242.75803,242.75803,242.75803,242.75803,242.75803,242.75803,242.75803,242.75803,242.75803,242.75803,242.75803,242.75803,242.75803,242.75803,242.75803,242.75803,242.75803,242.75803,242.75803,242.75803,242.75803,242.75803,242.75803,242.75803,242.75803,242.75803,242.75803,242.75803,242.75803,242.75803,242.75803,242.75803,242.75803,242.75803,242.75803,242.75803,242.75803,242.75803,242.75803,242.75803,242.75803,242.75803,242.75803,242.75803,242.75803,242.75803
241.85803,242.35803,242.35803,242.35803,242.35803,242.25803,242.35803,242.35803,242.35803,242.35803,242.45804,242.05803,242.05803,242.05803,242.05803,242.05803,242.15804,242.15804,242.15804,242.15804,242.35803,242.35803,242.35803,242.75803,242.75803,242.75803,242.75803,242.75803,242.45804,242.45804,242.45804,242.45804,242.45804,242.45804,242.45804,242.45804,242.35803,242.35803,242.35803,242.35803,242.35803,242.35803,242.35803,242.65804,242.65804,242.65804,242.65804,242.65804,242.65804,242.65804,242.25803,242.15804,242.15804,242.15804,242.15804,242.15804,242.15804,242.15804,242.05803,242.05803
242.25803,242.25803,242.35803,242.35803,242.35803,242.35803,242.35803,242.05803,242.05803,242.45804,242.45804,242.45804,242.35803,241.95804,241.85803,241.85803,241.75803,241.75803,241.75803,241.75803,241.65804,241.55803,241.55803,241.45804,241.45804,241.45804,241.45804,241.55803,241.45804,241.45804,241.45804,241.75803,241.75803,241.75803,241.75803,241.65804,241.75803,241.75803,241.75803,241.75803,241.75803,241.75803,241.75803,241.95804,241.95804,241.95804,241.95804,242.15804,242.15804,242.15804,242.55803,242.75803,242.75803,242.85803,243.05803,243.05803,243.05803,242.95804,242.85803,242.85803
241.05803,241.95804,241.95804,241.65804,241.45804,241.55803,241.55803,241.65804,241.55803,241.55803,241.85803,241.45804,241.45804,241.35803,241.25803,241.15804,241.35803,241.55803,241.65804,241.35803,241.25803,241.15804,241.15804,241.15804,241.15804,241.35803,241.35803,241.35803,241.05803,241.05803,241.25803,241.25803,241.35803,241.05803,241.05803,241.05803,241.05803,241.05803,241.45804,241.45804,241.45804,241.45804,241.65804,241.95804,241.95804,241.95804,241.95804,241.95804,242.55803,242.55803,242.85803,242.95804,242.95804,243.55803,243.55803,243.95804,243.95804,243.95804,244.35803,244.05803
244.15804,243.55803,243.55803,242.95804,242.85803,243.75803,242.65804,242.45804,242.75803,242.45804,242.45804,242.35803,242.65804,242.75803,242.15804,242.15804,242.05803,242.15804,241.95804,241.85803,241.85803,241.75803,241.55803,241.75803,241.95804,241.65804,241.35803,241.25803,241.15804,241.05803,240.95804,240.85803,240.75803,240.75803,240.55803,240.85803,240.85803,240.55803,240.75803,240.45804,240.25803,240.35803,240.35803,240.45804,240.45804,241.95804,241.95804,243.55803,243.55803,244.25803,244.25803,244.15804,244.35803,244.35803,243.85803,243.85803,243.45804,243.45804,243.15804,243.25803
252.15804,253.15804,248.75803,250.15804,245.85803,246.75803,245.05803,244.85803,244.45804,243.95804,244.15804,243.95804,243.85803,243.95804,243.75803,243.65804,243.65804,243.25803,243.35803,242.95804,242.85803,243.05803,242.55803,242.85803,243.25803,243.15804,242.75803,242.75803,242.65804,242.55803,242.55803,242.65804,242.25803,242.25803,242.95804,243.15804,243.35803,243.75803,243.75803,243.65804,245.55803,245.45804,245.55803,245.15804,244.25803,243.25803,242.45804,242.35803,241.75803,242.15804,242.85803,243.15804,243.15804,243.75803,243.75803,243.95804,244.65804,244.85803,244.85803,245.05803
257.65802,257.85803,258.05804,258.05804,258.05804,257.75803,257.85803,257.65802,257.35803,257.25803,256.95804,257.05804,256.75803,256.75803,256.55804,256.35803,256.15802,255.95804,256.15802,255.65804,255.65804,255.45804,255.35803,255.45804,254.95804,255.25803,255.05803,254.55803,254.65804,254.45804,254.45804,254.05803,254.05803,253.55803,253.55803,253.35803,253.35803,252.75803,252.25803,252.65804,252.75803,252.45804,251.95804,251.85803,250.95804,250.95804,250.35803,249.65804,249.05803,248.55803,248.15804,247.85803,247.75803,247.55803,247.65804,247.55803,247.45804,247.55803,247.25803,247.25803
254.65804,254.65804,254.55803,254.65804,254.55803,254.15804,254.45804,254.25803,254.05803,254.15804,253.85803,253.65804,253.75803,253.45804,253.55803,253.15804,253.05803,252.65804,252.65804,252.35803,252.35803,251.95804,251.95804,251.55803,251.65804,251.55803,251.25803,251.35803,250.95804,251.05803,251.35803,251.15804,251.15804,251.05803,251.05803,250.65804,250.65804,250.75803,250.95804,250.55803,250.55803,250.65804,250.65804,250.75803,250.75803,250.75803,250.75803,250.85803,250.85803,250.85803,250.95804,250.95804,250.85803,250.75803,250.75803,250.75803,250.75803,250.85803,251.05803,250.85803
251.95804,251.95804,251.95804,251.95804,251.75803,251.25803,251.35803,251.45804,251.15804,251.05803,250.95804,250.75803,250.65804,250.35803,250.25803,250.05803,250.25803,249.75803,249.65804,249.45804,249.35803,249.35803,249.35803,249.25803,249.35803,249.25803,249.25803,248.95804,249.05803,249.05803,248.95804,249.05803,248.95804,249.05803,249.25803,249.05803,249.25803,249.35803,249.55803,249.45804,249.45804,249.65804,249.65804,249.75803,250.05803,250.05803,249.85803,249.95804,249.95804,249.95804,250.05803,250.05803,250.05803,249.95804,249.95804,250.15804,249.95804,249.95804,249.85803,249.85803
245.75803,245.55803,245.65804,245.65804,245.45804,245.45804,245.35803,245.65804,244.55803,244.35803,243.95804,243.85803,244.25803,243.95804,244.65804,244.85803,244.85803,244.95804,245.05803,245.15804,244.65804,244.35803,244.25803,244.75803,245.05803,244.45804,245.05803,244.25803,244.75803,244.85803,244.55803,244.75803,244.85803,245.05803,245.05803,244.45804,244.75803,245.05803,244.55803,244.75803,244.85803,245.45804,245.55803,245.05803,245.35803,245.55803,245.55803,245.75803,246.05803,246.55803,247.05803,247.45804,247.45804,247.45804,247.45804,247.75803,247.85803,248.25803,248.45804,248.55803
244.45804,244.45804,244.45804,244.45804,245.35803,244.95804,245.15804,245.35803,245.25803,244.95804,244.85803,244.65804,244.55803,244.45804,244.85803,244.95804,245.05803,244.85803,244.95804,244.95804,244.95804,244.65804,244.65804,244.65804,244.75803,244.85803,245.15804,245.25803,244.25803,243.95804,243.35803,243.35803,243.35803,243.35803,242.95804,242.55803,242.55803,242.75803,242.75803,243.05803,242.55803,242.35803,242.35803,242.05803,242.55803,242.35803,242.45804,242.55803,243.15804,243.85803,244.15804,244.25803,244.35803,244.65804,244.95804,245.05803,245.35803,245.55803,245.85803,246.55803
248.35803,248.55803,248.45804,248.45804,248.35803,248.15804,248.55803,248.95804,248.75803,249.15804,249.25803,249.15804,248.55803,248.55803,248.05803,247.75803,245.65804,245.65804,244.65804,244.15804,244.15804,244.55803,244.25803,244.15804,244.25803,244.15804,243.95804,243.95804,243.95804,243.95804,243.55803,242.45804,241.95804,241.55803,241.75803,241.45804,241.65804,241.45804,241.45804,241.65804,241.45804,240.95804,240.85803,241.15804,241.65804,241.75803,241.05803,240.95804,241.25803,241.45804,241.15804,241.15804,241.15804,242.25803,242.25803,242.35803,242.25803,242.15804,241.95804,242.05803
248.05803,247.65804,247.55803,247.65804,247.45804,247.75803,247.85803,248.25803,248.45804,248.35803,248.55803,249.05803,249.75803,250.85803,251.65804,251.65804,251.45804,250.75803,249.95804,249.95804,250.35803,250.45804,250.55803,250.25803,248.55803,247.65804,246.55803,245.95804,245.65804,245.25803,244.85803,244.15804,243.15804,241.35803,241.05803,241.05803,240.55803,240.45804,241.15804,240.25803,239.85803,240.05803,239.85803,239.85803,240.35803,240.45804,240.45804,239.95804,240.15804,239.55803,239.35803,239.25803,239.05803,238.65804,238.05803,237.95804,238.75803,238.35803,238.55803,238.25803
247.35803,247.25803,247.15804,247.95804,249.65804,250.65804,251.05803,251.15804,250.45804,250.15804,250.05803,250.05803,250.05803,249.75803,249.65804,250.05803,250.55803,250.15804,249.25803,249.35803,249.05803,249.35803,249.15804,249.55803,249.55803,249.95804,250.35803,250.45804,250.35803,247.35803,244.95804,243.65804,243.35803,243.15804,242.75803,242.75803,242.55803,242.45804,242.25803,241.25803,241.65804,241.35803,241.35803,241.45804,241.75803,241.45804,241.25803,241.05803,239.95804,239.65804,238.85803,238.75803,238.55803,237.65804,237.65804,237.65804,237.65804,238.05803,236.95804,237.25803
246.25803,246.65804,246.75803,246.65804,246.15804,245.95804,245.85803,246.45804,246.45804,247.65804,246.85803,246.75803,247.55803,247.15804,246.65804,245.75803,246.45804,246.05803,240.15804,241.05803,246.25803,259.95804,244.35803,248.05803,248.25803,248.15804,248.55803,248.35803,248.65804,248.75803,247.85803,244.95804,244.75803,244.15804,244.15804,243.95804,243.75803,243.35803,243.55803,243.15804,243.05803,243.05803,243.05803,243.15804,242.85803,242.85803,242.25803,241.95804,241.75803,241.15804,240.55803,240.15804,240.15804,240.05803,239.75803,239.35803,239.75803,239.55803,239.35803,239.55803
245.45804,245.25803,244.75803,244.75803,244.75803,245.55803,248.05803,246.35803,244.75803,244.75803,244.75803,245.25803,245.25803,244.65804,244.45804,243.85803,243.95804,244.45804,242.35803,237.65804,242.65804,244.85803,247.95804,247.35803,248.45804,248.25803,248.15804,246.75803,244.45804,243.75803,243.25803,244.85803,244.95804,244.15804,243.65804,243.95804,244.05803,243.85803,243.55803,243.55803,243.45804,243.15804,243.45804,243.25803,242.85803,242.65804,242.65804,242.75803,241.95804,241.95804,241.45804,242.05803,241.85803,242.05803,241.95804,241.85803,241.25803,242.15804,241.25803,241.15804
245.45804,244.45804,243.85803,243.95804,244.55803,243.95804,243.95804,244.15804,244.25803,244.25803,244.25803,244.85803,244.95804,244.65804,245.15804,245.35803,244.95804,245.25803,245.65804,246.05803,246.85803,245.75803,245.75803,247.25803,246.85803,246.85803,246.65804,245.75803,245.55803,245.45804,245.45804,245.15804,245.15804,244.95804,244.45804,244.25803,243.95804,243.95804,244.45804,244.45804,244.35803,244.05803,244.05803,244.65804,244.15804,243.75803,243.65804,243.35803,242.85803,243.55803,242.95804,242.75803,243.35803,242.95804,242.55803,243.45804,243.15804,242.95804,242.55803,242.75803
241.35803,241.05803,240.05803,241.55803,238.85803,238.75803,238.85803,242.45804,240.15804,241.45804,244.15804,244.15804,244.25803,244.65804,244.75803,245.35803,245.05803,244.55803,244.55803,244.75803,244.35803,244.15804,244.95804,245.95804,245.65804,245.75803,245.75803,245.75803,245.65804,245.45804,245.65804,245.45804,245.45804,245.15804,245.05803,245.15804,244.85803,244.75803,244.65804,244.75803,244.75803,244.65804,244.65804,244.75803,244.65804,244.45804,244.25803,244.25803,244.25803,244.45804,244.15804,244.55803,244.25803,244.05803,244.15804,244.05803,244.15804,244.15804,244.55803,244.75803
231.95804,232.35803,233.85803,234.35803,234.35803,236.65804,234.25803,234.35803,237.85803,242.75803,242.85803,242.75803,243.15804,243.25803,243.55803,243.45804,243.95804,243.35803,242.35803,241.95804,236.95804,239.45804,239.85803,240.55803,240.95804,241.95804,244.55803,242.15804,243.15804,243.85803,245.65804,245.55803,245.55803,245.65804,245.55803,245.35803,245.25803,245.55803,245.25803,245.35803,245.15804,245.15804,244.95804,244.95804,244.85803,244.85803,244.95804,244.85803,244.85803,244.55803,244.45804,244.45804,244.65804,244.55803,244.55803,244.65804,244.55803,244.95804,244.95804,245.05803
228.55803,227.95804,229.55803,232.65804,234.65804,236.35803,237.45804,236.25803,236.75803,232.85803,231.25803,238.45804,227.95804,229.25803,229.65804,229.55803,230.35803,230.65804,231.25803,230.85803,231.45804,233.05803,235.65804,236.75803,237.45804,238.05803,239.15804,239.95804,240.25803,240.05803,240.45804,240.95804,243.75803,244.85803,244.95804,243.45804,242.85803,244.05803,244.25803,244.85803,244.75803,244.85803,244.85803,244.85803,244.85803,244.75803,244.85803,244.85803,244.75803,244.55803,244.65804,244.35803,244.75803,244.65804,245.35803,245.25803,245.35803,244.55803,243.15804,236.15804
228.75803,228.85803,230.15804,227.45804,227.35803,226.25803,227.45804,230.55803,235.85803,237.25803,232.55803,231.75803,229.75803,227.85803,230.15804,230.85803,226.85803,228.55803,229.45804,231.45804,234.35803,231.65804,231.05803,228.45804,229.95804,232.35803,234.65804,238.15804,233.55803,235.75803,236.35803,235.55803,236.25803,237.95804,240.95804,242.45804,242.15804,242.95804,243.45804,244.45804,247.15804,247.75803,247.15804,248.05803,247.65804,247.55803,247.85803,249.15804,249.85803,249.95804,250.85803,246.75803,244.95804,248.95804,249.55803,249.65804,248.75803,249.45804,249.35803,249.85803
229.85803,228.35803,229.35803,230.65804,228.55803,227.65804,230.25803,233.85803,241.05803,234.35803,231.25803,230.25803,234.05803,237.15804,234.95804,236.75803,237.25803,234.95804,233.35803,238.65804,244.65804,240.25803,243.25803,244.15804,241.95804,243.35803,242.75803,242.95804,243.05803,245.75803,245.15804,244.75803,244.95804,245.05803,246.25803,245.65804,245.65804,245.35803,245.15804,245.55803,246.65804,245.55803,244.55803,247.15804,245.55803,246.15804,245.95804,246.25803,247.05803,249.55803,250.75803,249.35803,246.25803,246.05803,246.15804,245.95804,246.75803,246.65804,245.35803,247.25803
229.25803,234.75803,235.55803,235.85803,231.15804,230.25803,228.15804,235.55803,237.55803,238.25803,236.05803,233.65804,229.55803,227.35803,226.65804,231.45804,234.65804,235.15804,234.75803,239.25803,242.75803,243.85803,243.55803,243.35803,242.95804,242.85803,242.85803,242.75803,243.25803,243.55803,243.15804,243.85803,244.95804,244.75803,244.85803,246.25803,245.35803,245.65804,245.75803,244.95804,244.35803,243.95804,243.95804,243.55803,243.85803,244.45804,243.05803,245.05803,245.05803,243.85803,247.25803,245.95804,247.15804,244.95804,244.95804,244.35803,243.75803,248.85803,249.15804,247.75803
237.85803,236.15804,234.55803,236.95804,238.25803,240.05803,239.55803,238.25803,240.85803,237.35803,232.05803,231.35803,230.35803,229.15804,226.25803,229.45804,229.25803,227.45804,233.25803,236.95804,241.85803,242.75803,243.05803,243.45804,244.45804,242.95804,243.05803,242.65804,244.55803,245.55803,245.25803,245.25803,244.75803,245.35803,243.95804,244.65804,243.45804,244.25803,244.05803,244.45804,243.65804,238.75803,235.75803,232.75803,234.35803,235.45804,237.35803,240.45804,241.65804,241.95804,242.75803,245.35803,246.05803,246.95804,248.45804,248.75803,248.45804,243.45804,242.85803,244.45804
236.45804,239.65804,238.65804,236.15804,240.05803,238.85803,237.45804,234.15804,234.65804,237.75803,236.95804,234.05803,228.95804,230.35803,225.25803,226.25803,230.25803,225.85803,230.65804,232.45804,236.95804,240.55803,243.05803,242.15804,242.45804,241.65804,242.85803,243.75803,243.55803,243.95804,244.65804,244.75803,243.95804,243.75803,243.65804,243.25803,242.95804,242.45804,242.85803,243.35803,243.45804,239.65804,237.05803,234.25803,233.25803,234.95804,236.35803,237.65804,239.05803,239.65804,236.05803,242.25803,243.85803,244.55803,247.35803,248.65804,249.65804,248.95804,248.95804,247.65804
231.75803,234.25803,241.35803,241.55803,239.85803,238.35803,239.35803,240.65804,241.55803,239.95804,234.65804,232.85803,232.75803,231.05803,228.15804,228.65804,223.25803,226.55803,227.15804,225.95804,232.35803,234.65804,237.75803,237.25803,236.75803,235.65804,238.55803,232.75803,234.55803,232.25803,238.15804,236.75803,233.95804,229.75803,229.95804,228.95804,228.95804,230.85803,240.65804,241.55803,242.35803,241.35803,239.05803,240.95804,240.05803,232.35803,238.85803,235.85803,235.95804,240.75803,236.75803,233.75803,234.55803,238.15804,243.85803,240.15804,244.75803,248.15804,249.25803,250.25803
